      1960 2.143779e+01     67.051     11.511     49.140     17.168     31.972      0.783 72814900.000     53.505
      1961 2.163496e+01     66.640     11.725     50.060     17.595     32.465      0.770 73377632.000     53.415
      1962 2.194641e+01     66.133     11.920     51.210     18.025     33.185      0.879 74025784.000     53.303
      1963 2.231130e+01     65.582     12.107     52.481     18.460     34.020      0.926 74714353.000     53.180
      1964 2.263610e+01     65.064     12.300     53.696     18.905     34.791      0.805 75318337.000     53.062
      1965 2.287352e+01     64.617     12.510     54.759     19.360     35.399      0.853 75963695.000     52.962
      1966 2.314465e+01     64.114     12.742     55.973     19.873     36.099      0.835 76600311.000     52.883
      1967 2.331614e+01     63.711     12.972     56.958     20.361     36.597      0.457 76951336.000     52.820
      1968 2.339948e+01     63.400     13.201     57.729     20.821     36.908      0.445 77294314.000     52.771
      1969 2.340811e+01     63.169     13.423     58.307     21.250     37.057      0.793 77909682.000     52.730
      1970 2.333494e+01     63.023     13.642     58.672     21.646     37.026      0.333 78169289.000     52.692
      1971 2.320694e+01     62.867     13.926     59.067     22.152     36.915      0.183 78312842.000     52.658
      1972 2.293590e+01     62.865     14.199     59.070     22.586     36.484      0.478 78688452.000     52.628
      1973 2.255808e+01     62.987     14.455     58.764     22.950     35.814      0.315 78936666.000     52.600
      1974 2.213088e+01     63.181     14.689     58.277     23.249     35.028      0.039 78967433.000     52.572
      1975 2.168741e+01     63.421     14.891     57.676     23.480     34.196     -0.373 78673554.000     52.540
      1976 2.101659e+01     63.783     15.200     56.781     23.831     32.950     -0.429 78336950.000     52.504
      1977 2.044792e+01     64.090     15.462     56.031     24.126     31.905     -0.226 78159814.000     52.463
      1978 1.990873e+01     64.437     15.654     55.189     24.293     30.896     -0.087 78091820.000     52.421
      1979 1.930545e+01     64.961     15.734     53.939     24.220     29.719      0.044 78126350.000     52.381
      1980 1.861644e+01     65.706     15.677     52.193     23.860     28.333      0.207 78288576.000     52.349
      1981 1.810844e+01     66.350     15.542     50.717     23.424     27.292      0.152 78407907.000     52.325
      1982 1.748988e+01     67.231     15.279     48.741     22.726     26.015     -0.095 78333366.000     52.307
      1983 1.684722e+01     68.196     14.957     46.636     21.932     24.704     -0.262 78128282.000     52.287
      1984 1.631389e+01     69.012     14.674     44.903     21.264     23.639     -0.346 77858685.000     52.254
      1985 1.595819e+01     69.547     14.495     43.788     20.842     22.946     -0.223 77684873.000     52.202
      1986 1.576021e+01     69.778     14.462     43.311     20.725     22.586      0.046 77720436.000     52.128
      1987 1.569672e+01     69.783     14.520     43.301     20.808     22.494      0.154 77839920.000     52.036
      1988 1.574910e+01     69.614     14.637     43.649     21.026     22.623      0.391 78144619.000     51.931
      1989 1.584332e+01     69.393     14.764     44.106     21.275     22.831      0.773 78751283.000     51.822
      1990 1.592663e+01     69.201     14.873     44.507     21.492     23.015      0.862 79433029.000     51.715
      1991 1.601747e+01     68.966     15.017     45.000     21.774     23.225      0.729 80013896.000     51.611
      1992 1.607176e+01     68.770     15.158     45.412     22.041     23.370      0.760 80624598.000     51.510
      1993 1.609322e+01     68.624     15.283     45.722     22.271     23.451      0.657 81156363.000     51.416
      1994 1.609812e+01     68.529     15.373     45.924     22.433     23.491      0.347 81438348.000     51.335
      1995 1.608836e+01     68.490     15.422     46.008     22.517     23.490      0.294 81678051.000     51.267
      1996 1.595125e+01     68.463     15.586     46.064     22.765     23.299      0.289 81914831.000     51.215
      1997 1.585312e+01     68.462     15.685     46.066     22.910     23.156      0.146 82034771.000     51.177
      1998 1.575198e+01     68.474     15.774     46.042     23.037     23.004      0.015 82047195.000     51.150
      1999 1.559964e+01     68.467     15.934     46.057     23.272     22.784      0.065 82100243.000     51.128
      2000 1.538173e+01     68.414     16.204     46.168     23.685     22.483      0.135 82211508.000     51.109
      2001 1.526951e+01     68.103     16.627     46.835     24.414     22.421      0.168 82349925.000     51.089
      2002 1.505386e+01     67.788     17.158     47.519     25.312     22.207      0.168 82488495.000     51.071
      2003 1.478075e+01     67.467     17.752     48.220     26.312     21.908      0.055 82534176.000     51.055
      2004 1.452043e+01     67.155     18.325     48.910     27.288     21.622     -0.022 82516260.000     51.042
      2005 1.430745e+01     66.869     18.823     49.545     28.149     21.396     -0.057 82469422.000     51.032
      2006 1.408241e+01     66.619     19.299     50.108     28.969     21.139     -0.113 82376451.000     51.027
      2007 1.391123e+01     66.370     19.719     50.670     29.710     20.960     -0.134 82266372.000     51.024
      2008 1.378034e+01     66.148     20.072     51.177     30.344     20.833     -0.190 82110097.000     51.022
      2009 1.365560e+01     65.981     20.363     51.558     30.862     20.696     -0.253 81902307.000     51.015
      2010 1.352143e+01     65.874     20.605     51.806     31.279     20.526     -0.153 81776930.000     51.001
      2011 1.337328e+01     65.864     20.763     51.828     31.523     20.304      0.025 81797673.000     50.980
      2012 1.322941e+01     65.906     20.865     51.732     31.659     20.073     -1.691 80425823.000     50.951
      2013 1.309390e+01     65.954     20.952     51.620     31.767     19.853      2.100 82132753.000     50.918
      2014 1.297724e+01     65.952     21.070     51.624     31.948     19.677     -1.425 80970732.000     50.886
